108 66.266300 -25.181100 261.156800
109 86.382000 -22.667900 249.895400
110 106.074300 -23.794400 238.694700
111 125.470300 -28.271800 228.403600
112 145.171200 -35.698100 219.767800
113 166.482400 -45.527000 213.968200
114 192.216700 -56.619700 213.767500
115 219.638400 -16.060600 251.343700
116 288.147900 -23.341900 276.790400
117 251.561400 32.282900 347.638600
118 269.067700 30.568800 359.365500
119 274.188000 61.904700 19.445800
120 278.153900 62.960400 40.319200
121 281.228200 64.666900 62.683600
